#doc name topic proportion ...
0	1_ArtArchitecturePhotography_architekt.txt	0	0.7836338418862691	1	0.21636615811373092	
1	2_ArtArchitecturePhotography_fotografia.txt	0	0.8137755102040817	1	0.18622448979591838	
2	3_ArtArchitecturePhotography_gaudi.txt	0	0.7297297297297297	1	0.2702702702702703	
3	4_ArtArchitecturePhotography_sztuka.txt	0	0.8523076923076923	1	0.1476923076923077	
4	5_ArtArchitecturePhotography_modernizm.txt	0	0.903971119133574	1	0.096028880866426	
5	6_ArtArchitecturePhotography_fpowielacz.txt	0	0.7246376811594203	1	0.2753623188405797	
6	7_Evolution_teoriawsprzodka.txt	1	0.6942148760330579	0	0.30578512396694213	
7	8_Evolution_ewmon.txt	1	0.6823529411764706	0	0.3176470588235294	
8	9_Evolution_histmyslew.txt	1	0.7472118959107806	0	0.2527881040892193	
9	10_Evolution_ewolucja.txt	1	0.8894401133947555	0	0.1105598866052445	
10	11_Evolution_dobornaturalny.txt	1	0.8580441640378549	0	0.14195583596214512	
11	12_Evolution_darwin.txt	1	0.8732352057674978	0	0.12676479423250225	
